6
0   28  21  28  12  27 
28  0   24  37  21  9 
21  24  0   13  11  33 
28  37  13  0   16  38 
12  21  11  16  0   22 
27  9   33  38  22  0 